
  ----------------------------------------------------------------------------------------------------------------------------
  IPGKinematics  Version 3.6.1                                            Model: Querlenker                                   
  ----------------------------------------------------------------------------------------------------------------------------

   Table: Steering Kinematics Design Position                             GnisFront                                           

  TraRack  WhlAngL  WhlAngR  CamberL KPOffset  TrackCh Ackerman TrackDif SteerDif AckError AckPCent StRodAng TrackDia  TurnDia
     [mm]    [deg]    [deg]    [deg]     [mm]     [mm]    [deg]    [deg]    [deg]    [deg]      [%]    [deg]      [m]      [m]

     0.00     0.00     0.00     0.00    12.83     0.00     0.00     0.00     0.00     0.00     0.00    66.91 ******** ********
    10.00     0.00     0.00     0.00    12.83     0.00     0.00     0.00     0.00     0.00     0.00    66.91 ******** ********
    20.00     0.00     0.00     0.00    12.83     0.00     0.00     0.00     0.00     0.00     0.00    66.91 ******** ********
    30.00     0.00     0.00     0.00    12.83     0.00     0.00     0.00     0.00     0.00     0.00    66.91 ******** ********
    40.00     0.00     0.00     0.00    12.83     0.00     0.00     0.00     0.00     0.00     0.00    66.91 ******** ********
    50.00     0.00     0.00     0.00    12.83     0.00     0.00     0.00     0.00     0.00     0.00    66.91 ******** ********
    60.00     0.00     0.00     0.00    12.83     0.00     0.00     0.00     0.00     0.00     0.00    66.91 ******** ********
    70.00     0.00     0.00     0.00    12.83     0.00     0.00     0.00     0.00     0.00     0.00    66.91 ******** ********
     0.00     0.00     0.00     0.00    12.83     0.00     0.00     0.00     0.00     0.00     0.00    66.91 ******** ********
   -10.00     0.00     0.00     0.00    12.83     0.00     0.00     0.00     0.00     0.00     0.00    66.91 ******** ********
   -20.00     0.00     0.00     0.00    12.83     0.00     0.00     0.00     0.00     0.00     0.00    66.91 ******** ********
   -30.00     0.00     0.00     0.00    12.83     0.00     0.00     0.00     0.00     0.00     0.00    66.91 ******** ********
   -40.00     0.00     0.00     0.00    12.83     0.00     0.00     0.00     0.00     0.00     0.00    66.91 ******** ********
   -50.00     0.00     0.00     0.00    12.83     0.00     0.00     0.00     0.00     0.00     0.00    66.91 ******** ********
   -60.00     0.00     0.00     0.00    12.83     0.00     0.00     0.00     0.00     0.00     0.00    66.91 ******** ********
   -70.00     0.00     0.00     0.00    12.83     0.00     0.00     0.00     0.00     0.00     0.00    66.91 ******** ********
