
  ----------------------------------------------------------------------------------------------------------------------------
  IPGKinematics  Version 3.6.1                                            Model: Querlenker                                   
  ----------------------------------------------------------------------------------------------------------------------------

   Table: Steering Kinematics                                             GnisFront                                           

   WhlTra  TraRack  WhlAngL  WhlAngR  CamberL KPOffset  TrackCh Ackerman TrackDif SteerDif AckError AckPCent StRodAng TrackDia  TurnDia
     [mm]     [mm]    [deg]    [deg]    [deg]     [mm]     [mm]    [deg]    [deg]    [deg]    [deg]      [%]    [deg]      [m]      [m]

     0.00     0.00     0.00     0.00     0.00    12.83     0.00     0.00     0.00     0.00     0.00     0.00    66.91 ******** ********
     0.00    10.00     0.00     0.00     0.00    12.83     0.00     0.00     0.00     0.00     0.00     0.00    66.91 ******** ********
     0.00    20.00     0.00     0.00     0.00    12.83     0.00     0.00     0.00     0.00     0.00     0.00    66.91 ******** ********
     0.00    30.00     0.00     0.00     0.00    12.83     0.00     0.00     0.00     0.00     0.00     0.00    66.91 ******** ********
     0.00    40.00     0.00     0.00     0.00    12.83     0.00     0.00     0.00     0.00     0.00     0.00    66.91 ******** ********
     0.00    50.00     0.00     0.00     0.00    12.83     0.00     0.00     0.00     0.00     0.00     0.00    66.91 ******** ********
     0.00    60.00     0.00     0.00     0.00    12.83     0.00     0.00     0.00     0.00     0.00     0.00    66.91 ******** ********
     0.00    70.00     0.00     0.00     0.00    12.83     0.00     0.00     0.00     0.00     0.00     0.00    66.91 ******** ********
     0.00     0.00     0.00     0.00     0.00    12.83     0.00     0.00     0.00     0.00     0.00     0.00    66.91 ******** ********
     0.00   -10.00     0.00     0.00     0.00    12.83     0.00     0.00     0.00     0.00     0.00     0.00    66.91 ******** ********
     0.00   -20.00     0.00     0.00     0.00    12.83     0.00     0.00     0.00     0.00     0.00     0.00    66.91 ******** ********
     0.00   -30.00     0.00     0.00     0.00    12.83     0.00     0.00     0.00     0.00     0.00     0.00    66.91 ******** ********
     0.00   -40.00     0.00     0.00     0.00    12.83     0.00     0.00     0.00     0.00     0.00     0.00    66.91 ******** ********
     0.00   -50.00     0.00     0.00     0.00    12.83     0.00     0.00     0.00     0.00     0.00     0.00    66.91 ******** ********
     0.00   -60.00     0.00     0.00     0.00    12.83     0.00     0.00     0.00     0.00     0.00     0.00    66.91 ******** ********
     0.00   -70.00     0.00     0.00     0.00    12.83     0.00     0.00     0.00     0.00     0.00     0.00    66.91 ******** ********
     5.00     0.00     0.00     0.00     0.00    12.83     0.00     0.00     0.00     0.00     0.00     0.00    66.91 ******** ********
     5.00    10.00     0.00     0.00     0.00    12.83     0.00     0.00     0.00     0.00     0.00     0.00    66.91 ******** ********
     5.00    20.00     0.00     0.00     0.00    12.83     0.00     0.00     0.00     0.00     0.00     0.00    66.91 ******** ********
     5.00    30.00     0.00     0.00     0.00    12.83     0.00     0.00     0.00     0.00     0.00     0.00    66.91 ******** ********
     5.00    40.00     0.00     0.00     0.00    12.83     0.00     0.00     0.00     0.00     0.00     0.00    66.91 ******** ********
     5.00    50.00     0.00     0.00     0.00    12.83     0.00     0.00     0.00     0.00     0.00     0.00    66.91 ******** ********
     5.00    60.00     0.00     0.00     0.00    12.83     0.00     0.00     0.00     0.00     0.00     0.00    66.91 ******** ********
     5.00    70.00     0.00     0.00     0.00    12.83     0.00     0.00     0.00     0.00     0.00     0.00    66.91 ******** ********
     5.00     0.00     0.00     0.00     0.00    12.83     0.00     0.00     0.00     0.00     0.00     0.00    66.91 ******** ********
     5.00   -10.00     0.00     0.00     0.00    12.83     0.00     0.00     0.00     0.00     0.00     0.00    66.91 ******** ********
     5.00   -20.00     0.00     0.00     0.00    12.83     0.00     0.00     0.00     0.00     0.00     0.00    66.91 ******** ********
     5.00   -30.00     0.00     0.00     0.00    12.83     0.00     0.00     0.00     0.00     0.00     0.00    66.91 ******** ********
     5.00   -40.00     0.00     0.00     0.00    12.83     0.00     0.00     0.00     0.00     0.00     0.00    66.91 ******** ********
     5.00   -50.00     0.00     0.00     0.00    12.83     0.00     0.00     0.00     0.00     0.00     0.00    66.91 ******** ********
     5.00   -60.00     0.00     0.00     0.00    12.83     0.00     0.00     0.00     0.00     0.00     0.00    66.91 ******** ********
     5.00   -70.00     0.00     0.00     0.00    12.83     0.00     0.00     0.00     0.00     0.00     0.00    66.91 ******** ********
    10.00     0.00     0.00     0.00     0.00    12.83     0.00     0.00     0.00     0.00     0.00     0.00    66.91 ******** ********
    10.00    10.00     0.00     0.00     0.00    12.83     0.00     0.00     0.00     0.00     0.00     0.00    66.91 ******** ********
    10.00    20.00     0.00     0.00     0.00    12.83     0.00     0.00     0.00     0.00     0.00     0.00    66.91 ******** ********
    10.00    30.00     0.00     0.00     0.00    12.83     0.00     0.00     0.00     0.00     0.00     0.00    66.91 ******** ********
    10.00    40.00     0.00     0.00     0.00    12.83     0.00     0.00     0.00     0.00     0.00     0.00    66.91 ******** ********
    10.00    50.00     0.00     0.00     0.00    12.83     0.00     0.00     0.00     0.00     0.00     0.00    66.91 ******** ********
    10.00    60.00     0.00     0.00     0.00    12.83     0.00     0.00     0.00     0.00     0.00     0.00    66.91 ******** ********
    10.00    70.00     0.00     0.00     0.00    12.83     0.00     0.00     0.00     0.00     0.00     0.00    66.91 ******** ********
    10.00     0.00     0.00     0.00     0.00    12.83     0.00     0.00     0.00     0.00     0.00     0.00    66.91 ******** ********
    10.00   -10.00     0.00     0.00     0.00    12.83     0.00     0.00     0.00     0.00     0.00     0.00    66.91 ******** ********
    10.00   -20.00     0.00     0.00     0.00    12.83     0.00     0.00     0.00     0.00     0.00     0.00    66.91 ******** ********
    10.00   -30.00     0.00     0.00     0.00    12.83     0.00     0.00     0.00     0.00     0.00     0.00    66.91 ******** ********
    10.00   -40.00     0.00     0.00     0.00    12.83     0.00     0.00     0.00     0.00     0.00     0.00    66.91 ******** ********
    10.00   -50.00     0.00     0.00     0.00    12.83     0.00     0.00     0.00     0.00     0.00     0.00    66.91 ******** ********
    10.00   -60.00     0.00     0.00     0.00    12.83     0.00     0.00     0.00     0.00     0.00     0.00    66.91 ******** ********
    10.00   -70.00     0.00     0.00     0.00    12.83     0.00     0.00     0.00     0.00     0.00     0.00    66.91 ******** ********
    15.00     0.00     0.00     0.00     0.00    12.83     0.00     0.00     0.00     0.00     0.00     0.00    66.91 ******** ********
    15.00    10.00     0.00     0.00     0.00    12.83     0.00     0.00     0.00     0.00     0.00     0.00    66.91 ******** ********
    15.00    20.00     0.00     0.00     0.00    12.83     0.00     0.00     0.00     0.00     0.00     0.00    66.91 ******** ********
    15.00    30.00     0.00     0.00     0.00    12.83     0.00     0.00     0.00     0.00     0.00     0.00    66.91 ******** ********
    15.00    40.00     0.00     0.00     0.00    12.83     0.00     0.00     0.00     0.00     0.00     0.00    66.91 ******** ********
    15.00    50.00     0.00     0.00     0.00    12.83     0.00     0.00     0.00     0.00     0.00     0.00    66.91 ******** ********
    15.00    60.00     0.00     0.00     0.00    12.83     0.00     0.00     0.00     0.00     0.00     0.00    66.91 ******** ********
    15.00    70.00     0.00     0.00     0.00    12.83     0.00     0.00     0.00     0.00     0.00     0.00    66.91 ******** ********
    15.00     0.00     0.00     0.00     0.00    12.83     0.00     0.00     0.00     0.00     0.00     0.00    66.91 ******** ********
    15.00   -10.00     0.00     0.00     0.00    12.83     0.00     0.00     0.00     0.00     0.00     0.00    66.91 ******** ********
    15.00   -20.00     0.00     0.00     0.00    12.83     0.00     0.00     0.00     0.00     0.00     0.00    66.91 ******** ********
    15.00   -30.00     0.00     0.00     0.00    12.83     0.00     0.00     0.00     0.00     0.00     0.00    66.91 ******** ********
    15.00   -40.00     0.00     0.00     0.00    12.83     0.00     0.00     0.00     0.00     0.00     0.00    66.91 ******** ********
    15.00   -50.00     0.00     0.00     0.00    12.83     0.00     0.00     0.00     0.00     0.00     0.00    66.91 ******** ********
    15.00   -60.00     0.00     0.00     0.00    12.83     0.00     0.00     0.00     0.00     0.00     0.00    66.91 ******** ********
    15.00   -70.00     0.00     0.00     0.00    12.83     0.00     0.00     0.00     0.00     0.00     0.00    66.91 ******** ********
    20.00     0.00     0.00     0.00     0.00    12.83     0.00     0.00     0.00     0.00     0.00     0.00    66.91 ******** ********
    20.00    10.00     0.00     0.00     0.00    12.83     0.00     0.00     0.00     0.00     0.00     0.00    66.91 ******** ********
    20.00    20.00     0.00     0.00     0.00    12.83     0.00     0.00     0.00     0.00     0.00     0.00    66.91 ******** ********
    20.00    30.00     0.00     0.00     0.00    12.83     0.00     0.00     0.00     0.00     0.00     0.00    66.91 ******** ********
    20.00    40.00     0.00     0.00     0.00    12.83     0.00     0.00     0.00     0.00     0.00     0.00    66.91 ******** ********
    20.00    50.00     0.00     0.00     0.00    12.83     0.00     0.00     0.00     0.00     0.00     0.00    66.91 ******** ********
    20.00    60.00     0.00     0.00     0.00    12.83     0.00     0.00     0.00     0.00     0.00     0.00    66.91 ******** ********
    20.00    70.00     0.00     0.00     0.00    12.83     0.00     0.00     0.00     0.00     0.00     0.00    66.91 ******** ********
    20.00     0.00     0.00     0.00     0.00    12.83     0.00     0.00     0.00     0.00     0.00     0.00    66.91 ******** ********
    20.00   -10.00     0.00     0.00     0.00    12.83     0.00     0.00     0.00     0.00     0.00     0.00    66.91 ******** ********
    20.00   -20.00     0.00     0.00     0.00    12.83     0.00     0.00     0.00     0.00     0.00     0.00    66.91 ******** ********
    20.00   -30.00     0.00     0.00     0.00    12.83     0.00     0.00     0.00     0.00     0.00     0.00    66.91 ******** ********
    20.00   -40.00     0.00     0.00     0.00    12.83     0.00     0.00     0.00     0.00     0.00     0.00    66.91 ******** ********
    20.00   -50.00     0.00     0.00     0.00    12.83     0.00     0.00     0.00     0.00     0.00     0.00    66.91 ******** ********
    20.00   -60.00     0.00     0.00     0.00    12.83     0.00     0.00     0.00     0.00     0.00     0.00    66.91 ******** ********
    20.00   -70.00     0.00     0.00     0.00    12.83     0.00     0.00     0.00     0.00     0.00     0.00    66.91 ******** ********
    25.00     0.00     0.00     0.00     0.00    12.83     0.00     0.00     0.00     0.00     0.00     0.00    66.91 ******** ********
    25.00    10.00     0.00     0.00     0.00    12.83     0.00     0.00     0.00     0.00     0.00     0.00    66.91 ******** ********
    25.00    20.00     0.00     0.00     0.00    12.83     0.00     0.00     0.00     0.00     0.00     0.00    66.91 ******** ********
    25.00    30.00     0.00     0.00     0.00    12.83     0.00     0.00     0.00     0.00     0.00     0.00    66.91 ******** ********
    25.00    40.00     0.00     0.00     0.00    12.83     0.00     0.00     0.00     0.00     0.00     0.00    66.91 ******** ********
    25.00    50.00     0.00     0.00     0.00    12.83     0.00     0.00     0.00     0.00     0.00     0.00    66.91 ******** ********
    25.00    60.00     0.00     0.00     0.00    12.83     0.00     0.00     0.00     0.00     0.00     0.00    66.91 ******** ********
    25.00    70.00     0.00     0.00     0.00    12.83     0.00     0.00     0.00     0.00     0.00     0.00    66.91 ******** ********
    25.00     0.00     0.00     0.00     0.00    12.83     0.00     0.00     0.00     0.00     0.00     0.00    66.91 ******** ********
    25.00   -10.00     0.00     0.00     0.00    12.83     0.00     0.00     0.00     0.00     0.00     0.00    66.91 ******** ********
    25.00   -20.00     0.00     0.00     0.00    12.83     0.00     0.00     0.00     0.00     0.00     0.00    66.91 ******** ********
    25.00   -30.00     0.00     0.00     0.00    12.83     0.00     0.00     0.00     0.00     0.00     0.00    66.91 ******** ********
    25.00   -40.00     0.00     0.00     0.00    12.83     0.00     0.00     0.00     0.00     0.00     0.00    66.91 ******** ********
    25.00   -50.00     0.00     0.00     0.00    12.83     0.00     0.00     0.00     0.00     0.00     0.00    66.91 ******** ********
    25.00   -60.00     0.00     0.00     0.00    12.83     0.00     0.00     0.00     0.00     0.00     0.00    66.91 ******** ********
    25.00   -70.00     0.00     0.00     0.00    12.83     0.00     0.00     0.00     0.00     0.00     0.00    66.91 ******** ********
    30.00     0.00     0.00     0.00     0.00    12.83     0.00     0.00     0.00     0.00     0.00     0.00    66.91 ******** ********
    30.00    10.00     0.00     0.00     0.00    12.83     0.00     0.00     0.00     0.00     0.00     0.00    66.91 ******** ********
    30.00    20.00     0.00     0.00     0.00    12.83     0.00     0.00     0.00     0.00     0.00     0.00    66.91 ******** ********
    30.00    30.00     0.00     0.00     0.00    12.83     0.00     0.00     0.00     0.00     0.00     0.00    66.91 ******** ********
    30.00    40.00     0.00     0.00     0.00    12.83     0.00     0.00     0.00     0.00     0.00     0.00    66.91 ******** ********
    30.00    50.00     0.00     0.00     0.00    12.83     0.00     0.00     0.00     0.00     0.00     0.00    66.91 ******** ********
    30.00    60.00     0.00     0.00     0.00    12.83     0.00     0.00     0.00     0.00     0.00     0.00    66.91 ******** ********
    30.00    70.00     0.00     0.00     0.00    12.83     0.00     0.00     0.00     0.00     0.00     0.00    66.91 ******** ********
    30.00     0.00     0.00     0.00     0.00    12.83     0.00     0.00     0.00     0.00     0.00     0.00    66.91 ******** ********
    30.00   -10.00     0.00     0.00     0.00    12.83     0.00     0.00     0.00     0.00     0.00     0.00    66.91 ******** ********
    30.00   -20.00     0.00     0.00     0.00    12.83     0.00     0.00     0.00     0.00     0.00     0.00    66.91 ******** ********
    30.00   -30.00     0.00     0.00     0.00    12.83     0.00     0.00     0.00     0.00     0.00     0.00    66.91 ******** ********
    30.00   -40.00     0.00     0.00     0.00    12.83     0.00     0.00     0.00     0.00     0.00     0.00    66.91 ******** ********
    30.00   -50.00     0.00     0.00     0.00    12.83     0.00     0.00     0.00     0.00     0.00     0.00    66.91 ******** ********
    30.00   -60.00     0.00     0.00     0.00    12.83     0.00     0.00     0.00     0.00     0.00     0.00    66.91 ******** ********
    30.00   -70.00     0.00     0.00     0.00    12.83     0.00     0.00     0.00     0.00     0.00     0.00    66.91 ******** ********
    35.00     0.00     0.00     0.00     0.00    12.83     0.00     0.00     0.00     0.00     0.00     0.00    66.91 ******** ********
    35.00    10.00     0.00     0.00     0.00    12.83     0.00     0.00     0.00     0.00     0.00     0.00    66.91 ******** ********
    35.00    20.00     0.00     0.00     0.00    12.83     0.00     0.00     0.00     0.00     0.00     0.00    66.91 ******** ********
    35.00    30.00     0.00     0.00     0.00    12.83     0.00     0.00     0.00     0.00     0.00     0.00    66.91 ******** ********
    35.00    40.00     0.00     0.00     0.00    12.83     0.00     0.00     0.00     0.00     0.00     0.00    66.91 ******** ********
    35.00    50.00     0.00     0.00     0.00    12.83     0.00     0.00     0.00     0.00     0.00     0.00    66.91 ******** ********
    35.00    60.00     0.00     0.00     0.00    12.83     0.00     0.00     0.00     0.00     0.00     0.00    66.91 ******** ********
    35.00    70.00     0.00     0.00     0.00    12.83     0.00     0.00     0.00     0.00     0.00     0.00    66.91 ******** ********
    35.00     0.00     0.00     0.00     0.00    12.83     0.00     0.00     0.00     0.00     0.00     0.00    66.91 ******** ********
    35.00   -10.00     0.00     0.00     0.00    12.83     0.00     0.00     0.00     0.00     0.00     0.00    66.91 ******** ********
    35.00   -20.00     0.00     0.00     0.00    12.83     0.00     0.00     0.00     0.00     0.00     0.00    66.91 ******** ********
    35.00   -30.00     0.00     0.00     0.00    12.83     0.00     0.00     0.00     0.00     0.00     0.00    66.91 ******** ********
    35.00   -40.00     0.00     0.00     0.00    12.83     0.00     0.00     0.00     0.00     0.00     0.00    66.91 ******** ********
    35.00   -50.00     0.00     0.00     0.00    12.83     0.00     0.00     0.00     0.00     0.00     0.00    66.91 ******** ********
    35.00   -60.00     0.00     0.00     0.00    12.83     0.00     0.00     0.00     0.00     0.00     0.00    66.91 ******** ********
    35.00   -70.00     0.00     0.00     0.00    12.83     0.00     0.00     0.00     0.00     0.00     0.00    66.91 ******** ********
    40.00     0.00     0.00     0.00     0.00    12.83     0.00     0.00     0.00     0.00     0.00     0.00    66.91 ******** ********
    40.00    10.00     0.00     0.00     0.00    12.83     0.00     0.00     0.00     0.00     0.00     0.00    66.91 ******** ********
    40.00    20.00     0.00     0.00     0.00    12.83     0.00     0.00     0.00     0.00     0.00     0.00    66.91 ******** ********
    40.00    30.00     0.00     0.00     0.00    12.83     0.00     0.00     0.00     0.00     0.00     0.00    66.91 ******** ********
    40.00    40.00     0.00     0.00     0.00    12.83     0.00     0.00     0.00     0.00     0.00     0.00    66.91 ******** ********
    40.00    50.00     0.00     0.00     0.00    12.83     0.00     0.00     0.00     0.00     0.00     0.00    66.91 ******** ********
    40.00    60.00     0.00     0.00     0.00    12.83     0.00     0.00     0.00     0.00     0.00     0.00    66.91 ******** ********
    40.00    70.00     0.00     0.00     0.00    12.83     0.00     0.00     0.00     0.00     0.00     0.00    66.91 ******** ********
    40.00     0.00     0.00     0.00     0.00    12.83     0.00     0.00     0.00     0.00     0.00     0.00    66.91 ******** ********
    40.00   -10.00     0.00     0.00     0.00    12.83     0.00     0.00     0.00     0.00     0.00     0.00    66.91 ******** ********
    40.00   -20.00     0.00     0.00     0.00    12.83     0.00     0.00     0.00     0.00     0.00     0.00    66.91 ******** ********
    40.00   -30.00     0.00     0.00     0.00    12.83     0.00     0.00     0.00     0.00     0.00     0.00    66.91 ******** ********
    40.00   -40.00     0.00     0.00     0.00    12.83     0.00     0.00     0.00     0.00     0.00     0.00    66.91 ******** ********
    40.00   -50.00     0.00     0.00     0.00    12.83     0.00     0.00     0.00     0.00     0.00     0.00    66.91 ******** ********
    40.00   -60.00     0.00     0.00     0.00    12.83     0.00     0.00     0.00     0.00     0.00     0.00    66.91 ******** ********
    40.00   -70.00     0.00     0.00     0.00    12.83     0.00     0.00     0.00     0.00     0.00     0.00    66.91 ******** ********
     0.00     0.00     0.00     0.00     0.00    12.83     0.00     0.00     0.00     0.00     0.00     0.00    66.91 ******** ********
     0.00    10.00     0.00     0.00     0.00    12.83     0.00     0.00     0.00     0.00     0.00     0.00    66.91 ******** ********
     0.00    20.00     0.00     0.00     0.00    12.83     0.00     0.00     0.00     0.00     0.00     0.00    66.91 ******** ********
     0.00    30.00     0.00     0.00     0.00    12.83     0.00     0.00     0.00     0.00     0.00     0.00    66.91 ******** ********
     0.00    40.00     0.00     0.00     0.00    12.83     0.00     0.00     0.00     0.00     0.00     0.00    66.91 ******** ********
     0.00    50.00     0.00     0.00     0.00    12.83     0.00     0.00     0.00     0.00     0.00     0.00    66.91 ******** ********
     0.00    60.00     0.00     0.00     0.00    12.83     0.00     0.00     0.00     0.00     0.00     0.00    66.91 ******** ********
     0.00    70.00     0.00     0.00     0.00    12.83     0.00     0.00     0.00     0.00     0.00     0.00    66.91 ******** ********
     0.00     0.00     0.00     0.00     0.00    12.83     0.00     0.00     0.00     0.00     0.00     0.00    66.91 ******** ********
     0.00   -10.00     0.00     0.00     0.00    12.83     0.00     0.00     0.00     0.00     0.00     0.00    66.91 ******** ********
     0.00   -20.00     0.00     0.00     0.00    12.83     0.00     0.00     0.00     0.00     0.00     0.00    66.91 ******** ********
     0.00   -30.00     0.00     0.00     0.00    12.83     0.00     0.00     0.00     0.00     0.00     0.00    66.91 ******** ********
     0.00   -40.00     0.00     0.00     0.00    12.83     0.00     0.00     0.00     0.00     0.00     0.00    66.91 ******** ********
     0.00   -50.00     0.00     0.00     0.00    12.83     0.00     0.00     0.00     0.00     0.00     0.00    66.91 ******** ********
     0.00   -60.00     0.00     0.00     0.00    12.83     0.00     0.00     0.00     0.00     0.00     0.00    66.91 ******** ********
     0.00   -70.00     0.00     0.00     0.00    12.83     0.00     0.00     0.00     0.00     0.00     0.00    66.91 ******** ********
    -5.00     0.00     0.00     0.00     0.00    12.83     0.00     0.00     0.00     0.00     0.00     0.00    66.91 ******** ********
    -5.00    10.00     0.00     0.00     0.00    12.83     0.00     0.00     0.00     0.00     0.00     0.00    66.91 ******** ********
    -5.00    20.00     0.00     0.00     0.00    12.83     0.00     0.00     0.00     0.00     0.00     0.00    66.91 ******** ********
    -5.00    30.00     0.00     0.00     0.00    12.83     0.00     0.00     0.00     0.00     0.00     0.00    66.91 ******** ********
    -5.00    40.00     0.00     0.00     0.00    12.83     0.00     0.00     0.00     0.00     0.00     0.00    66.91 ******** ********
    -5.00    50.00     0.00     0.00     0.00    12.83     0.00     0.00     0.00     0.00     0.00     0.00    66.91 ******** ********
    -5.00    60.00     0.00     0.00     0.00    12.83     0.00     0.00     0.00     0.00     0.00     0.00    66.91 ******** ********
    -5.00    70.00     0.00     0.00     0.00    12.83     0.00     0.00     0.00     0.00     0.00     0.00    66.91 ******** ********
    -5.00     0.00     0.00     0.00     0.00    12.83     0.00     0.00     0.00     0.00     0.00     0.00    66.91 ******** ********
    -5.00   -10.00     0.00     0.00     0.00    12.83     0.00     0.00     0.00     0.00     0.00     0.00    66.91 ******** ********
    -5.00   -20.00     0.00     0.00     0.00    12.83     0.00     0.00     0.00     0.00     0.00     0.00    66.91 ******** ********
    -5.00   -30.00     0.00     0.00     0.00    12.83     0.00     0.00     0.00     0.00     0.00     0.00    66.91 ******** ********
    -5.00   -40.00     0.00     0.00     0.00    12.83     0.00     0.00     0.00     0.00     0.00     0.00    66.91 ******** ********
    -5.00   -50.00     0.00     0.00     0.00    12.83     0.00     0.00     0.00     0.00     0.00     0.00    66.91 ******** ********
    -5.00   -60.00     0.00     0.00     0.00    12.83     0.00     0.00     0.00     0.00     0.00     0.00    66.91 ******** ********
    -5.00   -70.00     0.00     0.00     0.00    12.83     0.00     0.00     0.00     0.00     0.00     0.00    66.91 ******** ********
   -10.00     0.00     0.00     0.00     0.00    12.83     0.00     0.00     0.00     0.00     0.00     0.00    66.91 ******** ********
   -10.00    10.00     0.00     0.00     0.00    12.83     0.00     0.00     0.00     0.00     0.00     0.00    66.91 ******** ********
   -10.00    20.00     0.00     0.00     0.00    12.83     0.00     0.00     0.00     0.00     0.00     0.00    66.91 ******** ********
   -10.00    30.00     0.00     0.00     0.00    12.83     0.00     0.00     0.00     0.00     0.00     0.00    66.91 ******** ********
   -10.00    40.00     0.00     0.00     0.00    12.83     0.00     0.00     0.00     0.00     0.00     0.00    66.91 ******** ********
   -10.00    50.00     0.00     0.00     0.00    12.83     0.00     0.00     0.00     0.00     0.00     0.00    66.91 ******** ********
   -10.00    60.00     0.00     0.00     0.00    12.83     0.00     0.00     0.00     0.00     0.00     0.00    66.91 ******** ********
   -10.00    70.00     0.00     0.00     0.00    12.83     0.00     0.00     0.00     0.00     0.00     0.00    66.91 ******** ********
   -10.00     0.00     0.00     0.00     0.00    12.83     0.00     0.00     0.00     0.00     0.00     0.00    66.91 ******** ********
   -10.00   -10.00     0.00     0.00     0.00    12.83     0.00     0.00     0.00     0.00     0.00     0.00    66.91 ******** ********
   -10.00   -20.00     0.00     0.00     0.00    12.83     0.00     0.00     0.00     0.00     0.00     0.00    66.91 ******** ********
   -10.00   -30.00     0.00     0.00     0.00    12.83     0.00     0.00     0.00     0.00     0.00     0.00    66.91 ******** ********
   -10.00   -40.00     0.00     0.00     0.00    12.83     0.00     0.00     0.00     0.00     0.00     0.00    66.91 ******** ********
   -10.00   -50.00     0.00     0.00     0.00    12.83     0.00     0.00     0.00     0.00     0.00     0.00    66.91 ******** ********
   -10.00   -60.00     0.00     0.00     0.00    12.83     0.00     0.00     0.00     0.00     0.00     0.00    66.91 ******** ********
   -10.00   -70.00     0.00     0.00     0.00    12.83     0.00     0.00     0.00     0.00     0.00     0.00    66.91 ******** ********
   -15.00     0.00     0.00     0.00     0.00    12.83     0.00     0.00     0.00     0.00     0.00     0.00    66.91 ******** ********
   -15.00    10.00     0.00     0.00     0.00    12.83     0.00     0.00     0.00     0.00     0.00     0.00    66.91 ******** ********
   -15.00    20.00     0.00     0.00     0.00    12.83     0.00     0.00     0.00     0.00     0.00     0.00    66.91 ******** ********
   -15.00    30.00     0.00     0.00     0.00    12.83     0.00     0.00     0.00     0.00     0.00     0.00    66.91 ******** ********
   -15.00    40.00     0.00     0.00     0.00    12.83     0.00     0.00     0.00     0.00     0.00     0.00    66.91 ******** ********
   -15.00    50.00     0.00     0.00     0.00    12.83     0.00     0.00     0.00     0.00     0.00     0.00    66.91 ******** ********
   -15.00    60.00     0.00     0.00     0.00    12.83     0.00     0.00     0.00     0.00     0.00     0.00    66.91 ******** ********
   -15.00    70.00     0.00     0.00     0.00    12.83     0.00     0.00     0.00     0.00     0.00     0.00    66.91 ******** ********
   -15.00     0.00     0.00     0.00     0.00    12.83     0.00     0.00     0.00     0.00     0.00     0.00    66.91 ******** ********
   -15.00   -10.00     0.00     0.00     0.00    12.83     0.00     0.00     0.00     0.00     0.00     0.00    66.91 ******** ********
   -15.00   -20.00     0.00     0.00     0.00    12.83     0.00     0.00     0.00     0.00     0.00     0.00    66.91 ******** ********
   -15.00   -30.00     0.00     0.00     0.00    12.83     0.00     0.00     0.00     0.00     0.00     0.00    66.91 ******** ********
   -15.00   -40.00     0.00     0.00     0.00    12.83     0.00     0.00     0.00     0.00     0.00     0.00    66.91 ******** ********
   -15.00   -50.00     0.00     0.00     0.00    12.83     0.00     0.00     0.00     0.00     0.00     0.00    66.91 ******** ********
   -15.00   -60.00     0.00     0.00     0.00    12.83     0.00     0.00     0.00     0.00     0.00     0.00    66.91 ******** ********
   -15.00   -70.00     0.00     0.00     0.00    12.83     0.00     0.00     0.00     0.00     0.00     0.00    66.91 ******** ********
   -20.00     0.00     0.00     0.00     0.00    12.83     0.00     0.00     0.00     0.00     0.00     0.00    66.91 ******** ********
   -20.00    10.00     0.00     0.00     0.00    12.83     0.00     0.00     0.00     0.00     0.00     0.00    66.91 ******** ********
   -20.00    20.00     0.00     0.00     0.00    12.83     0.00     0.00     0.00     0.00     0.00     0.00    66.91 ******** ********
   -20.00    30.00     0.00     0.00     0.00    12.83     0.00     0.00     0.00     0.00     0.00     0.00    66.91 ******** ********
   -20.00    40.00     0.00     0.00     0.00    12.83     0.00     0.00     0.00     0.00     0.00     0.00    66.91 ******** ********
   -20.00    50.00     0.00     0.00     0.00    12.83     0.00     0.00     0.00     0.00     0.00     0.00    66.91 ******** ********
   -20.00    60.00     0.00     0.00     0.00    12.83     0.00     0.00     0.00     0.00     0.00     0.00    66.91 ******** ********
   -20.00    70.00     0.00     0.00     0.00    12.83     0.00     0.00     0.00     0.00     0.00     0.00    66.91 ******** ********
   -20.00     0.00     0.00     0.00     0.00    12.83     0.00     0.00     0.00     0.00     0.00     0.00    66.91 ******** ********
   -20.00   -10.00     0.00     0.00     0.00    12.83     0.00     0.00     0.00     0.00     0.00     0.00    66.91 ******** ********
   -20.00   -20.00     0.00     0.00     0.00    12.83     0.00     0.00     0.00     0.00     0.00     0.00    66.91 ******** ********
   -20.00   -30.00     0.00     0.00     0.00    12.83     0.00     0.00     0.00     0.00     0.00     0.00    66.91 ******** ********
   -20.00   -40.00     0.00     0.00     0.00    12.83     0.00     0.00     0.00     0.00     0.00     0.00    66.91 ******** ********
   -20.00   -50.00     0.00     0.00     0.00    12.83     0.00     0.00     0.00     0.00     0.00     0.00    66.91 ******** ********
   -20.00   -60.00     0.00     0.00     0.00    12.83     0.00     0.00     0.00     0.00     0.00     0.00    66.91 ******** ********
   -20.00   -70.00     0.00     0.00     0.00    12.83     0.00     0.00     0.00     0.00     0.00     0.00    66.91 ******** ********
   -25.00     0.00     0.00     0.00     0.00    12.83     0.00     0.00     0.00     0.00     0.00     0.00    66.91 ******** ********
   -25.00    10.00     0.00     0.00     0.00    12.83     0.00     0.00     0.00     0.00     0.00     0.00    66.91 ******** ********
   -25.00    20.00     0.00     0.00     0.00    12.83     0.00     0.00     0.00     0.00     0.00     0.00    66.91 ******** ********
   -25.00    30.00     0.00     0.00     0.00    12.83     0.00     0.00     0.00     0.00     0.00     0.00    66.91 ******** ********
   -25.00    40.00     0.00     0.00     0.00    12.83     0.00     0.00     0.00     0.00     0.00     0.00    66.91 ******** ********
   -25.00    50.00     0.00     0.00     0.00    12.83     0.00     0.00     0.00     0.00     0.00     0.00    66.91 ******** ********
   -25.00    60.00     0.00     0.00     0.00    12.83     0.00     0.00     0.00     0.00     0.00     0.00    66.91 ******** ********
   -25.00    70.00     0.00     0.00     0.00    12.83     0.00     0.00     0.00     0.00     0.00     0.00    66.91 ******** ********
   -25.00     0.00     0.00     0.00     0.00    12.83     0.00     0.00     0.00     0.00     0.00     0.00    66.91 ******** ********
   -25.00   -10.00     0.00     0.00     0.00    12.83     0.00     0.00     0.00     0.00     0.00     0.00    66.91 ******** ********
   -25.00   -20.00     0.00     0.00     0.00    12.83     0.00     0.00     0.00     0.00     0.00     0.00    66.91 ******** ********
   -25.00   -30.00     0.00     0.00     0.00    12.83     0.00     0.00     0.00     0.00     0.00     0.00    66.91 ******** ********
   -25.00   -40.00     0.00     0.00     0.00    12.83     0.00     0.00     0.00     0.00     0.00     0.00    66.91 ******** ********
   -25.00   -50.00     0.00     0.00     0.00    12.83     0.00     0.00     0.00     0.00     0.00     0.00    66.91 ******** ********
   -25.00   -60.00     0.00     0.00     0.00    12.83     0.00     0.00     0.00     0.00     0.00     0.00    66.91 ******** ********
   -25.00   -70.00     0.00     0.00     0.00    12.83     0.00     0.00     0.00     0.00     0.00     0.00    66.91 ******** ********
   -30.00     0.00     0.00     0.00     0.00    12.83     0.00     0.00     0.00     0.00     0.00     0.00    66.91 ******** ********
   -30.00    10.00     0.00     0.00     0.00    12.83     0.00     0.00     0.00     0.00     0.00     0.00    66.91 ******** ********
   -30.00    20.00     0.00     0.00     0.00    12.83     0.00     0.00     0.00     0.00     0.00     0.00    66.91 ******** ********
   -30.00    30.00     0.00     0.00     0.00    12.83     0.00     0.00     0.00     0.00     0.00     0.00    66.91 ******** ********
   -30.00    40.00     0.00     0.00     0.00    12.83     0.00     0.00     0.00     0.00     0.00     0.00    66.91 ******** ********
   -30.00    50.00     0.00     0.00     0.00    12.83     0.00     0.00     0.00     0.00     0.00     0.00    66.91 ******** ********
   -30.00    60.00     0.00     0.00     0.00    12.83     0.00     0.00     0.00     0.00     0.00     0.00    66.91 ******** ********
   -30.00    70.00     0.00     0.00     0.00    12.83     0.00     0.00     0.00     0.00     0.00     0.00    66.91 ******** ********
   -30.00     0.00     0.00     0.00     0.00    12.83     0.00     0.00     0.00     0.00     0.00     0.00    66.91 ******** ********
   -30.00   -10.00     0.00     0.00     0.00    12.83     0.00     0.00     0.00     0.00     0.00     0.00    66.91 ******** ********
   -30.00   -20.00     0.00     0.00     0.00    12.83     0.00     0.00     0.00     0.00     0.00     0.00    66.91 ******** ********
   -30.00   -30.00     0.00     0.00     0.00    12.83     0.00     0.00     0.00     0.00     0.00     0.00    66.91 ******** ********
   -30.00   -40.00     0.00     0.00     0.00    12.83     0.00     0.00     0.00     0.00     0.00     0.00    66.91 ******** ********
   -30.00   -50.00     0.00     0.00     0.00    12.83     0.00     0.00     0.00     0.00     0.00     0.00    66.91 ******** ********
   -30.00   -60.00     0.00     0.00     0.00    12.83     0.00     0.00     0.00     0.00     0.00     0.00    66.91 ******** ********
   -30.00   -70.00     0.00     0.00     0.00    12.83     0.00     0.00     0.00     0.00     0.00     0.00    66.91 ******** ********
   -35.00     0.00     0.00     0.00     0.00    12.83     0.00     0.00     0.00     0.00     0.00     0.00    66.91 ******** ********
   -35.00    10.00     0.00     0.00     0.00    12.83     0.00     0.00     0.00     0.00     0.00     0.00    66.91 ******** ********
   -35.00    20.00     0.00     0.00     0.00    12.83     0.00     0.00     0.00     0.00     0.00     0.00    66.91 ******** ********
   -35.00    30.00     0.00     0.00     0.00    12.83     0.00     0.00     0.00     0.00     0.00     0.00    66.91 ******** ********
   -35.00    40.00     0.00     0.00     0.00    12.83     0.00     0.00     0.00     0.00     0.00     0.00    66.91 ******** ********
   -35.00    50.00     0.00     0.00     0.00    12.83     0.00     0.00     0.00     0.00     0.00     0.00    66.91 ******** ********
   -35.00    60.00     0.00     0.00     0.00    12.83     0.00     0.00     0.00     0.00     0.00     0.00    66.91 ******** ********
   -35.00    70.00     0.00     0.00     0.00    12.83     0.00     0.00     0.00     0.00     0.00     0.00    66.91 ******** ********
   -35.00     0.00     0.00     0.00     0.00    12.83     0.00     0.00     0.00     0.00     0.00     0.00    66.91 ******** ********
   -35.00   -10.00     0.00     0.00     0.00    12.83     0.00     0.00     0.00     0.00     0.00     0.00    66.91 ******** ********
   -35.00   -20.00     0.00     0.00     0.00    12.83     0.00     0.00     0.00     0.00     0.00     0.00    66.91 ******** ********
   -35.00   -30.00     0.00     0.00     0.00    12.83     0.00     0.00     0.00     0.00     0.00     0.00    66.91 ******** ********
   -35.00   -40.00     0.00     0.00     0.00    12.83     0.00     0.00     0.00     0.00     0.00     0.00    66.91 ******** ********
   -35.00   -50.00     0.00     0.00     0.00    12.83     0.00     0.00     0.00     0.00     0.00     0.00    66.91 ******** ********
   -35.00   -60.00     0.00     0.00     0.00    12.83     0.00     0.00     0.00     0.00     0.00     0.00    66.91 ******** ********
   -35.00   -70.00     0.00     0.00     0.00    12.83     0.00     0.00     0.00     0.00     0.00     0.00    66.91 ******** ********
   -40.00     0.00     0.00     0.00     0.00    12.83     0.00     0.00     0.00     0.00     0.00     0.00    66.91 ******** ********
   -40.00    10.00     0.00     0.00     0.00    12.83     0.00     0.00     0.00     0.00     0.00     0.00    66.91 ******** ********
   -40.00    20.00     0.00     0.00     0.00    12.83     0.00     0.00     0.00     0.00     0.00     0.00    66.91 ******** ********
   -40.00    30.00     0.00     0.00     0.00    12.83     0.00     0.00     0.00     0.00     0.00     0.00    66.91 ******** ********
   -40.00    40.00     0.00     0.00     0.00    12.83     0.00     0.00     0.00     0.00     0.00     0.00    66.91 ******** ********
   -40.00    50.00     0.00     0.00     0.00    12.83     0.00     0.00     0.00     0.00     0.00     0.00    66.91 ******** ********
   -40.00    60.00     0.00     0.00     0.00    12.83     0.00     0.00     0.00     0.00     0.00     0.00    66.91 ******** ********
   -40.00    70.00     0.00     0.00     0.00    12.83     0.00     0.00     0.00     0.00     0.00     0.00    66.91 ******** ********
   -40.00     0.00     0.00     0.00     0.00    12.83     0.00     0.00     0.00     0.00     0.00     0.00    66.91 ******** ********
   -40.00   -10.00     0.00     0.00     0.00    12.83     0.00     0.00     0.00     0.00     0.00     0.00    66.91 ******** ********
   -40.00   -20.00     0.00     0.00     0.00    12.83     0.00     0.00     0.00     0.00     0.00     0.00    66.91 ******** ********
   -40.00   -30.00     0.00     0.00     0.00    12.83     0.00     0.00     0.00     0.00     0.00     0.00    66.91 ******** ********
   -40.00   -40.00     0.00     0.00     0.00    12.83     0.00     0.00     0.00     0.00     0.00     0.00    66.91 ******** ********
   -40.00   -50.00     0.00     0.00     0.00    12.83     0.00     0.00     0.00     0.00     0.00     0.00    66.91 ******** ********
   -40.00   -60.00     0.00     0.00     0.00    12.83     0.00     0.00     0.00     0.00     0.00     0.00    66.91 ******** ********
   -40.00   -70.00     0.00     0.00     0.00    12.83     0.00     0.00     0.00     0.00     0.00     0.00    66.91 ******** ********
