
  ----------------------------------------------------------------------------------------------------------------------------
  IPGKinematics  Version 3.6.7                                            Model: Querlenker                                   
  ----------------------------------------------------------------------------------------------------------------------------

   Table: Compliance - Torque Z at Wheel Center                           Suspension Kinematics 2017                          

   WhTra  TorquZ_L TorquZ_R   TraX_L   TraX_R   TraY_L   TraY_R   TraZ_L   TraZ_R   RotX_L   RotX_R   RotY_L   RotY_R   RotZ_L   RotZ_R WhlLoadL WhlLoadR
     [mm]     [Nm]     [Nm]     [mm]     [mm]     [mm]     [mm]     [mm]     [mm]    [deg]    [deg]    [deg]    [deg]    [deg]    [deg]      [N]      [N]

     0.00   100.00     0.00    -0.08     0.00     0.03     0.00     0.00     0.00     0.00     0.00     0.00     0.00     0.10     0.00    -0.03     0.00
     0.00  -100.00     0.00     0.08     0.00    -0.03     0.00     0.00     0.00     0.00     0.00     0.00     0.00    -0.10     0.00    -0.07     0.00
     0.00     0.00   100.00     0.00     0.08     0.00     0.03     0.00     0.00     0.00     0.00     0.00     0.00     0.00     0.10     0.00    -0.07
     0.00     0.00  -100.00     0.00    -0.08     0.00    -0.03     0.00     0.00     0.00     0.00     0.00     0.00     0.00    -0.10     0.00    -0.03
     5.00   100.00     0.00     0.10     0.18    -0.68     0.71     5.00     5.00     0.27    -0.27     0.09     0.09     0.10     0.00    -0.22     0.00
     5.00  -100.00     0.00     0.26     0.18    -0.74     0.71     5.00     5.00     0.28    -0.27     0.08     0.09    -0.10     0.00     0.10     0.00
     5.00     0.00   100.00     0.18     0.26    -0.71     0.74     5.00     5.00     0.27    -0.28     0.09     0.08     0.00     0.10     0.00     0.10
     5.00     0.00  -100.00     0.18     0.10    -0.71     0.68     5.00     5.00     0.27    -0.27     0.09     0.09     0.00    -0.10     0.00    -0.22
    10.00   100.00     0.00     0.29     0.37    -1.47     1.50    10.00     9.99     0.55    -0.55     0.17     0.17     0.10     0.00    -0.39     0.00
    10.00  -100.00     0.00     0.45     0.37    -1.53     1.50     9.99     9.99     0.56    -0.55     0.17     0.17    -0.10     0.00     0.26     0.00
    10.00     0.00   100.00     0.37     0.45    -1.50     1.53     9.99     9.99     0.55    -0.56     0.17     0.17     0.00     0.10     0.00     0.26
    10.00     0.00  -100.00     0.37     0.29    -1.50     1.47     9.99    10.00     0.55    -0.55     0.17     0.17     0.00    -0.10     0.00    -0.39
    15.00   100.00     0.00     0.49     0.57    -2.33     2.36    14.99    14.98     0.84    -0.84     0.26     0.25     0.10     0.00    -0.55     0.00
    15.00  -100.00     0.00     0.65     0.57    -2.39     2.36    14.98    14.98     0.84    -0.84     0.25     0.25    -0.10     0.00     0.40     0.00
    15.00     0.00   100.00     0.57     0.65    -2.36     2.39    14.98    14.98     0.84    -0.84     0.25     0.25     0.00     0.10     0.00     0.40
    15.00     0.00  -100.00     0.57     0.49    -2.36     2.33    14.98    14.99     0.84    -0.84     0.25     0.26     0.00    -0.10     0.00    -0.55
    20.00   100.00     0.00     0.69     0.78    -3.27     3.30    19.98    19.97     1.13    -1.13     0.34     0.34     0.10     0.00    -0.70     0.00
    20.00  -100.00     0.00     0.86     0.78    -3.33     3.30    19.96    19.97     1.13    -1.13     0.33     0.34    -0.10     0.00     0.53     0.00
    20.00     0.00   100.00     0.78     0.86    -3.30     3.33    19.97    19.96     1.13    -1.13     0.34     0.33     0.00     0.10     0.00     0.53
    20.00     0.00  -100.00     0.78     0.69    -3.30     3.27    19.97    19.98     1.13    -1.13     0.34     0.34     0.00    -0.10     0.00    -0.70
    25.00   100.00     0.00     0.91     0.99    -4.28     4.31    24.96    24.95     1.42    -1.42     0.43     0.42     0.10     0.00    -0.83     0.00
    25.00  -100.00     0.00     1.08     0.99    -4.34     4.31    24.95    24.95     1.43    -1.42     0.41     0.42    -0.10     0.00     0.65     0.00
    25.00     0.00   100.00     0.99     1.08    -4.31     4.34    24.95    24.95     1.42    -1.43     0.42     0.41     0.00     0.10     0.00     0.65
    25.00     0.00  -100.00     0.99     0.91    -4.31     4.28    24.95    24.96     1.42    -1.42     0.42     0.43     0.00    -0.10     0.00    -0.83
    30.00   100.00     0.00     1.13     1.22    -5.37     5.40    29.94    29.93     1.72    -1.73     0.51     0.50     0.10     0.00    -0.95     0.00
    30.00  -100.00     0.00     1.30     1.22    -5.43     5.40    29.92    29.93     1.73    -1.73     0.50     0.50    -0.10     0.00     0.76     0.00
    30.00     0.00   100.00     1.22     1.30    -5.40     5.43    29.93    29.92     1.73    -1.73     0.50     0.50     0.00     0.10     0.00     0.76
    30.00     0.00  -100.00     1.22     1.13    -5.40     5.37    29.93    29.94     1.73    -1.72     0.50     0.51     0.00    -0.10     0.00    -0.95
    -5.00   100.00     0.00    -0.25    -0.17     0.67    -0.64    -5.00    -5.00    -0.27     0.27    -0.08    -0.09     0.10     0.00     0.17     0.00
    -5.00  -100.00     0.00    -0.09    -0.17     0.61    -0.64    -5.00    -5.00    -0.27     0.27    -0.09    -0.09    -0.10     0.00    -0.25     0.00
    -5.00     0.00   100.00    -0.17    -0.09     0.64    -0.61    -5.00    -5.00    -0.27     0.27    -0.09    -0.09     0.00     0.10     0.00    -0.25
    -5.00     0.00  -100.00    -0.17    -0.25     0.64    -0.67    -5.00    -5.00    -0.27     0.27    -0.09    -0.08     0.00    -0.10     0.00     0.17
   -10.00   100.00     0.00    -0.41    -0.33     1.23    -1.20   -10.01   -10.01    -0.54     0.53    -0.17    -0.17     0.10     0.00     0.38     0.00
   -10.00  -100.00     0.00    -0.26    -0.33     1.17    -1.20   -10.00   -10.01    -0.53     0.53    -0.17    -0.17    -0.10     0.00    -0.45     0.00
   -10.00     0.00   100.00    -0.33    -0.26     1.20    -1.17   -10.01   -10.00    -0.53     0.53    -0.17    -0.17     0.00     0.10     0.00    -0.45
   -10.00     0.00  -100.00    -0.33    -0.41     1.20    -1.23   -10.01   -10.01    -0.53     0.54    -0.17    -0.17     0.00    -0.10     0.00     0.38
   -15.00   100.00     0.00    -0.57    -0.49     1.72    -1.69   -15.02   -15.01    -0.79     0.79    -0.26    -0.26     0.10     0.00     0.60     0.00
   -15.00  -100.00     0.00    -0.41    -0.49     1.66    -1.69   -15.01   -15.01    -0.79     0.79    -0.26    -0.26    -0.09     0.00    -0.65     0.00
   -15.00     0.00   100.00    -0.49    -0.41     1.69    -1.66   -15.01   -15.01    -0.79     0.79    -0.26    -0.26     0.00     0.09     0.00    -0.65
   -15.00     0.00  -100.00    -0.49    -0.57     1.69    -1.72   -15.01   -15.02    -0.79     0.79    -0.26    -0.26     0.00    -0.10     0.00     0.60
   -20.00   100.00     0.00    -0.71    -0.63     2.13    -2.10   -20.04   -20.03    -1.05     1.05    -0.35    -0.35     0.10     0.00     0.84     0.00
   -20.00  -100.00     0.00    -0.56    -0.63     2.07    -2.10   -20.02   -20.03    -1.04     1.05    -0.35    -0.35    -0.09     0.00    -0.87     0.00
   -20.00     0.00   100.00    -0.63    -0.56     2.10    -2.07   -20.03   -20.02    -1.05     1.04    -0.35    -0.35     0.00     0.09     0.00    -0.87
   -20.00     0.00  -100.00    -0.63    -0.71     2.10    -2.13   -20.03   -20.04    -1.05     1.05    -0.35    -0.35     0.00    -0.10     0.00     0.84
   -25.00   100.00     0.00    -0.85    -0.77     2.47    -2.44   -25.05   -25.04    -1.30     1.30    -0.44    -0.44     0.10     0.00     1.09     0.00
   -25.00  -100.00     0.00    -0.69    -0.77     2.41    -2.44   -25.03   -25.04    -1.29     1.30    -0.43    -0.44    -0.09     0.00    -1.10     0.00
   -25.00     0.00   100.00    -0.77    -0.69     2.44    -2.41   -25.04   -25.03    -1.30     1.29    -0.44    -0.43     0.00     0.09     0.00    -1.10
   -25.00     0.00  -100.00    -0.77    -0.85     2.44    -2.47   -25.04   -25.05    -1.30     1.30    -0.44    -0.44     0.00    -0.10     0.00     1.09
   -30.00   100.00     0.00    -0.98    -0.90     2.74    -2.71   -30.07   -30.06    -1.54     1.54    -0.53    -0.52     0.10     0.00     1.34     0.00
   -30.00  -100.00     0.00    -0.82    -0.90     2.68    -2.71   -30.04   -30.06    -1.54     1.54    -0.52    -0.52    -0.09     0.00    -1.34     0.00
   -30.00     0.00   100.00    -0.90    -0.82     2.71    -2.68   -30.06   -30.04    -1.54     1.54    -0.52    -0.52     0.00     0.09     0.00    -1.34
   -30.00     0.00  -100.00    -0.90    -0.98     2.71    -2.74   -30.06   -30.07    -1.54     1.54    -0.52    -0.53     0.00    -0.10     0.00     1.34
