
  ----------------------------------------------------------------------------------------------------------------------------
  IPGKinematics  Version 3.6.5                                            Model: Querlenker                                   
  ----------------------------------------------------------------------------------------------------------------------------

   Table: Compliance - Force Z at Wheel Center                            Suspension Kinematics 2017                          

   WhTra  ForceZ_L ForceZ_R   TraX_L   TraX_R   TraY_L   TraY_R   TraZ_L   TraZ_R   RotX_L   RotX_R   RotY_L   RotY_R   RotZ_L   RotZ_R WhlLoadL WhlLoadR
     [mm]      [N]      [N]     [mm]     [mm]     [mm]     [mm]     [mm]     [mm]    [deg]    [deg]    [deg]    [deg]    [deg]    [deg]      [N]      [N]

     0.00  1000.00     0.00    -0.14     0.00    -1.07     0.00    11.09     0.00     0.40     0.00    -0.18     0.00     0.00     0.00  -998.74     0.00
     0.00 -1000.00     0.00     0.14     0.00     0.74     0.00   -11.13     0.00    -0.37     0.00     0.19     0.00     0.00     0.00  1001.10     0.00
     0.00     0.00  1000.00     0.00    -0.14     0.00     1.07     0.00    11.09     0.00    -0.40     0.00    -0.18     0.00     0.00     0.00  -998.74
     0.00     0.00 -1000.00     0.00     0.14     0.00    -0.74     0.00   -11.13     0.00     0.37     0.00     0.19     0.00     0.00     0.00  1001.10
     5.00  1000.00     0.00    -0.20    -0.06    -1.66     0.44    16.08     5.00     0.58    -0.18    -0.27    -0.08     0.00     0.00  -998.12     0.00
     5.00 -1000.00     0.00     0.08    -0.06     0.45     0.44    -6.12     5.00    -0.21    -0.18     0.10    -0.08     0.00     0.00  1000.62     0.00
     5.00     0.00  1000.00    -0.06    -0.20    -0.44     1.66     5.00    16.08     0.18    -0.58    -0.08    -0.27     0.00     0.00     0.00  -998.12
     5.00     0.00 -1000.00    -0.06     0.08    -0.44    -0.45     5.00    -6.12     0.18     0.21    -0.08     0.10     0.00     0.00     0.00  1000.62
    10.00  1000.00     0.00    -0.27    -0.13    -2.32     0.95    21.07    10.00     0.77    -0.36    -0.35    -0.17     0.00     0.00  -997.46     0.00
    10.00 -1000.00     0.00     0.01    -0.13     0.09     0.95    -1.11    10.00    -0.04    -0.36     0.02    -0.17     0.00     0.00  1000.12     0.00
    10.00     0.00  1000.00    -0.13    -0.27    -0.95     2.32    10.00    21.07     0.36    -0.77    -0.17    -0.35     0.00     0.00     0.00  -997.46
    10.00     0.00 -1000.00    -0.13     0.01    -0.95    -0.09    10.00    -1.11     0.36     0.04    -0.17     0.02     0.00     0.00     0.00  1000.12
    15.00  1000.00     0.00    -0.33    -0.19    -3.05     1.53    26.05    14.99     0.97    -0.54    -0.43    -0.25     0.01     0.00  -996.75     0.00
    15.00 -1000.00     0.00    -0.05    -0.19    -0.34     1.53     3.89    14.99     0.14    -0.54    -0.07    -0.25     0.00     0.00   999.58     0.00
    15.00     0.00  1000.00    -0.19    -0.33    -1.53     3.05    14.99    26.05     0.54    -0.97    -0.25    -0.43     0.00    -0.01     0.00  -996.75
    15.00     0.00 -1000.00    -0.19    -0.05    -1.53     0.34    14.99     3.89     0.54    -0.14    -0.25    -0.07     0.00     0.00     0.00   999.58
    20.00  1000.00     0.00    -0.40    -0.25    -3.84     2.17    31.03    19.99     1.17    -0.73    -0.51    -0.33     0.01     0.00  -996.00     0.00
    20.00 -1000.00     0.00    -0.11    -0.25    -0.83     2.17     8.90    19.99     0.32    -0.73    -0.15    -0.33     0.00     0.00   999.00     0.00
    20.00     0.00  1000.00    -0.25    -0.40    -2.17     3.84    19.99    31.03     0.73    -1.17    -0.33    -0.51     0.00    -0.01     0.00  -996.00
    20.00     0.00 -1000.00    -0.25    -0.11    -2.17     0.83    19.99     8.90     0.73    -0.32    -0.33    -0.15     0.00     0.00     0.00   999.00
    25.00  1000.00     0.00    -0.47    -0.32    -4.71     2.89    36.01    24.98     1.37    -0.92    -0.59    -0.41     0.01    -0.01  -995.21     0.00
    25.00 -1000.00     0.00    -0.17    -0.32    -1.39     2.89    13.90    24.98     0.50    -0.92    -0.23    -0.41     0.00    -0.01   998.39     0.00
    25.00     0.00  1000.00    -0.32    -0.47    -2.89     4.71    24.98    36.01     0.92    -1.37    -0.41    -0.59     0.01    -0.01     0.00  -995.21
    25.00     0.00 -1000.00    -0.32    -0.17    -2.89     1.39    24.98    13.90     0.92    -0.50    -0.41    -0.23     0.01     0.00     0.00   998.39
    30.00  1000.00     0.00    -0.53    -0.38    -5.64     3.67    40.98    29.97     1.58    -1.12    -0.67    -0.50     0.02    -0.01  -994.37     0.00
    30.00 -1000.00     0.00    -0.24    -0.38    -2.03     3.67    18.90    29.97     0.69    -1.12    -0.32    -0.50     0.00    -0.01   997.74     0.00
    30.00     0.00  1000.00    -0.38    -0.53    -3.67     5.64    29.97    40.98     1.12    -1.58    -0.50    -0.67     0.01    -0.02     0.00  -994.37
    30.00     0.00 -1000.00    -0.38    -0.24    -3.67     2.03    29.97    18.90     1.12    -0.69    -0.50    -0.32     0.01     0.00     0.00   997.74
    -5.00  1000.00     0.00    -0.08     0.06    -0.55    -0.37     6.10    -5.00     0.21     0.17    -0.10     0.08     0.00     0.00  -999.33     0.00
    -5.00 -1000.00     0.00     0.20     0.06     0.96    -0.37   -16.14    -5.00    -0.53     0.17     0.27     0.08     0.00     0.00  1001.54     0.00
    -5.00     0.00  1000.00     0.06    -0.08     0.37     0.55    -5.00     6.10    -0.17    -0.21     0.08    -0.10     0.00     0.00     0.00  -999.33
    -5.00     0.00 -1000.00     0.06     0.20     0.37    -0.96    -5.00   -16.14    -0.17     0.53     0.08     0.27     0.00     0.00     0.00  1001.54
   -10.00  1000.00     0.00    -0.01     0.12    -0.09    -0.68     1.11   -10.00     0.04     0.34    -0.02     0.17     0.00     0.00  -999.88     0.00
   -10.00 -1000.00     0.00     0.26     0.12     1.11    -0.68   -21.15   -10.00    -0.69     0.34     0.36     0.17     0.01     0.00  1001.95     0.00
   -10.00     0.00  1000.00     0.12    -0.01     0.68     0.09   -10.00     1.11    -0.34    -0.04     0.17    -0.02     0.00     0.00     0.00  -999.88
   -10.00     0.00 -1000.00     0.12     0.26     0.68    -1.11   -10.00   -21.15    -0.34     0.69     0.17     0.36     0.00    -0.01     0.00  1001.95
   -15.00  1000.00     0.00     0.05     0.18     0.30    -0.91    -3.88   -15.01    -0.13     0.50     0.06     0.25     0.00     0.00 -1000.40     0.00
   -15.00 -1000.00     0.00     0.31     0.18     1.20    -0.91   -26.16   -15.01    -0.84     0.50     0.44     0.25     0.01     0.00  1002.34     0.00
   -15.00     0.00  1000.00     0.18     0.05     0.91    -0.30   -15.01    -3.88    -0.50     0.13     0.25     0.06     0.00     0.00     0.00 -1000.40
   -15.00     0.00 -1000.00     0.18     0.31     0.91    -1.20   -15.01   -26.16    -0.50     0.84     0.25     0.44     0.00    -0.01     0.00  1002.34
   -20.00  1000.00     0.00     0.11     0.24     0.62    -1.08    -8.88   -20.01    -0.30     0.65     0.15     0.34     0.00     0.00 -1000.88     0.00
   -20.00 -1000.00     0.00     0.37     0.24     1.22    -1.08   -31.17   -20.01    -0.99     0.65     0.53     0.34     0.01     0.00  1002.70     0.00
   -20.00     0.00  1000.00     0.24     0.11     1.08    -0.62   -20.01    -8.88    -0.65     0.30     0.34     0.15     0.00     0.00     0.00 -1000.88
   -20.00     0.00 -1000.00     0.24     0.37     1.08    -1.22   -20.01   -31.17    -0.65     0.99     0.34     0.53     0.00    -0.01     0.00  1002.70
   -25.00  1000.00     0.00     0.17     0.30     0.87    -1.19   -13.88   -25.02    -0.46     0.81     0.23     0.42     0.00    -0.01 -1001.34     0.00
   -25.00 -1000.00     0.00     0.43     0.30     1.17    -1.19   -36.18   -25.02    -1.13     0.81     0.62     0.42     0.02    -0.01  1003.03     0.00
   -25.00     0.00  1000.00     0.30     0.17     1.19    -0.87   -25.02   -13.88    -0.81     0.46     0.42     0.23     0.01     0.00     0.00 -1001.34
   -25.00     0.00 -1000.00     0.30     0.43     1.19    -1.17   -25.02   -36.18    -0.81     1.13     0.42     0.62     0.01    -0.02     0.00  1003.03
   -30.00  1000.00     0.00     0.23     0.36     1.05    -1.22   -18.88   -30.03    -0.62     0.95     0.32     0.51     0.00    -0.01 -1001.76     0.00
   -30.00 -1000.00     0.00     0.49     0.36     1.05    -1.22   -41.19   -30.03    -1.27     0.95     0.70     0.51     0.02    -0.01  1003.34     0.00
   -30.00     0.00  1000.00     0.36     0.23     1.22    -1.05   -30.03   -18.88    -0.95     0.62     0.51     0.32     0.01     0.00     0.00 -1001.76
   -30.00     0.00 -1000.00     0.36     0.49     1.22    -1.05   -30.03   -41.19    -0.95     1.27     0.51     0.70     0.01    -0.02     0.00  1003.34
