
  ----------------------------------------------------------------------------------------------------------------------------
  IPGKinematics  Version 3.6.5                                            Model: Querlenker                                   
  ----------------------------------------------------------------------------------------------------------------------------

   Table: Compliance - Force X at Wheel Center                            Suspension Kinematics 2017                          

   WhTra  ForceX_L ForceX_R   TraX_L   TraX_R   TraY_L   TraY_R   TraZ_L   TraZ_R   RotX_L   RotX_R   RotY_L   RotY_R   RotZ_L   RotZ_R WhlLoadL WhlLoadR
     [mm]      [N]      [N]     [mm]     [mm]     [mm]     [mm]     [mm]     [mm]    [deg]    [deg]    [deg]    [deg]    [deg]    [deg]      [N]      [N]

     0.00  1000.00     0.00     0.20     0.00     0.02     0.00     0.08     0.00     0.51    -0.50    -0.02     0.00    -0.23     0.20    -7.43     0.00
     0.00 -1000.00     0.00    -0.20     0.00    -0.02     0.00    -0.08     0.00     0.49    -0.50     0.02     0.00    -0.17     0.20     7.34     0.00
     0.00     0.00  1000.00     0.00     0.20     0.00    -0.02     0.00     0.08     0.50    -0.51     0.00    -0.02    -0.20     0.23     0.00    -7.43
     0.00     0.00 -1000.00     0.00    -0.20     0.00     0.02     0.00    -0.08     0.50    -0.49     0.00     0.02    -0.20     0.17     0.00     7.34
     5.00  1000.00     0.00     0.23     0.04    -0.34     0.35     5.08     5.00     0.68    -0.68     0.03     0.05    -0.23     0.20    -7.42     0.00
     5.00 -1000.00     0.00    -0.16     0.04    -0.37     0.35     4.92     5.00     0.67    -0.68     0.07     0.05    -0.17     0.20     7.32     0.00
     5.00     0.00  1000.00     0.04     0.23    -0.35     0.34     5.00     5.08     0.68    -0.68     0.05     0.03    -0.20     0.23     0.00    -7.42
     5.00     0.00 -1000.00     0.04    -0.16    -0.35     0.37     5.00     4.92     0.68    -0.67     0.05     0.07    -0.20     0.17     0.00     7.32
    10.00  1000.00     0.00     0.27     0.07    -0.78     0.79    10.08    10.00     0.86    -0.86     0.08     0.10    -0.23     0.20    -7.40     0.00
    10.00 -1000.00     0.00    -0.12     0.07    -0.81     0.79     9.92    10.00     0.85    -0.86     0.12     0.10    -0.17     0.20     7.30     0.00
    10.00     0.00  1000.00     0.07     0.27    -0.79     0.78    10.00    10.08     0.86    -0.86     0.10     0.08    -0.20     0.23     0.00    -7.40
    10.00     0.00 -1000.00     0.07    -0.12    -0.79     0.81    10.00     9.92     0.86    -0.85     0.10     0.12    -0.20     0.17     0.00     7.30
    15.00  1000.00     0.00     0.31     0.11    -1.30     1.31    15.08    14.99     1.05    -1.05     0.13     0.15    -0.23     0.20    -7.38     0.00
    15.00 -1000.00     0.00    -0.09     0.11    -1.33     1.31    14.91    14.99     1.04    -1.05     0.18     0.15    -0.17     0.20     7.28     0.00
    15.00     0.00  1000.00     0.11     0.31    -1.31     1.30    14.99    15.08     1.05    -1.05     0.15     0.13    -0.20     0.23     0.00    -7.38
    15.00     0.00 -1000.00     0.11    -0.09    -1.31     1.33    14.99    14.91     1.05    -1.04     0.15     0.18    -0.20     0.17     0.00     7.28
    20.00  1000.00     0.00     0.34     0.15    -1.90     1.92    20.07    19.99     1.25    -1.24     0.18     0.20    -0.23     0.20    -7.36     0.00
    20.00 -1000.00     0.00    -0.05     0.15    -1.93     1.92    19.91    19.99     1.24    -1.24     0.23     0.20    -0.17     0.20     7.26     0.00
    20.00     0.00  1000.00     0.15     0.34    -1.92     1.90    19.99    20.07     1.24    -1.25     0.20     0.18    -0.20     0.23     0.00    -7.36
    20.00     0.00 -1000.00     0.15    -0.05    -1.92     1.93    19.99    19.91     1.24    -1.24     0.20     0.23    -0.20     0.17     0.00     7.26
    25.00  1000.00     0.00     0.38     0.18    -2.59     2.60    25.06    24.98     1.45    -1.45     0.23     0.25    -0.23     0.20    -7.35     0.00
    25.00 -1000.00     0.00    -0.01     0.18    -2.62     2.60    24.90    24.98     1.44    -1.45     0.28     0.25    -0.17     0.20     7.24     0.00
    25.00     0.00  1000.00     0.18     0.38    -2.60     2.59    24.98    25.06     1.45    -1.45     0.25     0.23    -0.20     0.23     0.00    -7.35
    25.00     0.00 -1000.00     0.18    -0.01    -2.60     2.62    24.98    24.90     1.45    -1.44     0.25     0.28    -0.20     0.17     0.00     7.24
    30.00  1000.00     0.00     0.42     0.22    -3.36     3.37    30.05    29.97     1.66    -1.66     0.28     0.31    -0.23     0.20    -7.34     0.00
    30.00 -1000.00     0.00     0.02     0.22    -3.39     3.37    29.89    29.97     1.65    -1.66     0.33     0.31    -0.17     0.20     7.23     0.00
    30.00     0.00  1000.00     0.22     0.42    -3.37     3.36    29.97    30.05     1.66    -1.66     0.31     0.28    -0.20     0.23     0.00    -7.34
    30.00     0.00 -1000.00     0.22     0.02    -3.37     3.39    29.97    29.89     1.66    -1.65     0.31     0.33    -0.20     0.17     0.00     7.23
    -5.00  1000.00     0.00     0.16    -0.04     0.29    -0.27    -4.92    -5.00     0.34    -0.33    -0.07    -0.05    -0.23     0.20    -7.45     0.00
    -5.00 -1000.00     0.00    -0.23    -0.04     0.25    -0.27    -5.08    -5.00     0.33    -0.33    -0.03    -0.05    -0.17     0.20     7.37     0.00
    -5.00     0.00  1000.00    -0.04     0.16     0.27    -0.29    -5.00    -4.92     0.33    -0.34    -0.05    -0.07    -0.20     0.23     0.00    -7.45
    -5.00     0.00 -1000.00    -0.04    -0.23     0.27    -0.25    -5.00    -5.08     0.33    -0.33    -0.05    -0.03    -0.20     0.17     0.00     7.37
   -10.00  1000.00     0.00     0.12    -0.07     0.48    -0.46    -9.92   -10.00     0.17    -0.17    -0.12    -0.10    -0.23     0.20    -7.47     0.00
   -10.00 -1000.00     0.00    -0.27    -0.07     0.44    -0.46   -10.08   -10.00     0.16    -0.17    -0.08    -0.10    -0.17     0.20     7.39     0.00
   -10.00     0.00  1000.00    -0.07     0.12     0.46    -0.48   -10.00    -9.92     0.17    -0.17    -0.10    -0.12    -0.20     0.23     0.00    -7.47
   -10.00     0.00 -1000.00    -0.07    -0.27     0.46    -0.44   -10.00   -10.08     0.17    -0.16    -0.10    -0.08    -0.20     0.17     0.00     7.39
   -15.00  1000.00     0.00     0.08    -0.11     0.59    -0.57   -14.92   -15.01     0.02    -0.01    -0.17    -0.15    -0.22     0.20    -7.49     0.00
   -15.00 -1000.00     0.00    -0.31    -0.11     0.55    -0.57   -15.09   -15.01     0.01    -0.01    -0.13    -0.15    -0.17     0.20     7.41     0.00
   -15.00     0.00  1000.00    -0.11     0.08     0.57    -0.59   -15.01   -14.92     0.01    -0.02    -0.15    -0.17    -0.20     0.22     0.00    -7.49
   -15.00     0.00 -1000.00    -0.11    -0.31     0.57    -0.55   -15.01   -15.09     0.01    -0.01    -0.15    -0.13    -0.20     0.17     0.00     7.41
   -20.00  1000.00     0.00     0.05    -0.15     0.62    -0.59   -19.93   -20.01    -0.13     0.14    -0.22    -0.20    -0.22     0.20    -7.51     0.00
   -20.00 -1000.00     0.00    -0.34    -0.15     0.57    -0.59   -20.09   -20.01    -0.14     0.14    -0.19    -0.20    -0.17     0.20     7.43     0.00
   -20.00     0.00  1000.00    -0.15     0.05     0.59    -0.62   -20.01   -19.93    -0.14     0.13    -0.20    -0.22    -0.20     0.22     0.00    -7.51
   -20.00     0.00 -1000.00    -0.15    -0.34     0.59    -0.57   -20.01   -20.09    -0.14     0.14    -0.20    -0.19    -0.20     0.17     0.00     7.43
   -25.00  1000.00     0.00     0.01    -0.19     0.56    -0.53   -24.93   -25.01    -0.28     0.28    -0.27    -0.26    -0.22     0.20    -7.53     0.00
   -25.00 -1000.00     0.00    -0.38    -0.19     0.51    -0.53   -25.10   -25.01    -0.29     0.28    -0.24    -0.26    -0.17     0.20     7.45     0.00
   -25.00     0.00  1000.00    -0.19     0.01     0.53    -0.56   -25.01   -24.93    -0.28     0.28    -0.26    -0.27    -0.20     0.22     0.00    -7.53
   -25.00     0.00 -1000.00    -0.19    -0.38     0.53    -0.51   -25.01   -25.10    -0.28     0.29    -0.26    -0.24    -0.20     0.17     0.00     7.45
   -30.00  1000.00     0.00    -0.03    -0.22     0.42    -0.39   -29.94   -30.02    -0.42     0.42    -0.33    -0.31    -0.22     0.20    -7.54     0.00
   -30.00 -1000.00     0.00    -0.42    -0.22     0.37    -0.39   -30.10   -30.02    -0.43     0.42    -0.29    -0.31    -0.17     0.20     7.47     0.00
   -30.00     0.00  1000.00    -0.22    -0.03     0.39    -0.42   -30.02   -29.94    -0.42     0.42    -0.31    -0.33    -0.20     0.22     0.00    -7.54
   -30.00     0.00 -1000.00    -0.22    -0.42     0.39    -0.37   -30.02   -30.10    -0.42     0.43    -0.31    -0.29    -0.20     0.17     0.00     7.47
